24/fps
Stand
0

Walk (12F)
禎數/01 02 03 04 05 06 07 08 09 10 11 12 13 14 15 16 17 18 19 20 21 22 23 24
編號/1--------2--------3--------4--------(Repeat All)

Jump (08F)
禎數/01 02 03 04 05 06 07 08 09 10 11 12 13 14 15 16 17 18 19 20 21 22 23 24
編號/0-----5-----6-----------(till end)

Hurt (08F)
禎數/01 02 03 04 05 06 07 08 09 10 11 12 13 14 15 16 17 18 19 20 21 22 23 24
編號/7-----8--------9--------(Repeat 8 9 till end)

Sweating (2S 20F)
禎數/01 02 03 04 05 06 07 08 09 10 11 12 13 14 15 16 17 18 19 20 21 22 23 24 
編號/10----11-------12-------13-------14-------15-------16-------17-------18-

禎數/01 02 03 04 05 06 07 08 09 10 11 12 13 14 15 16 17 18 19 20 21 22 23 24 
編號/------19-------20-------21-------22-------23-------24-------25-------26-

禎數/01 02 03 04 05 06 07 08 09 10 11 12 13 14 15 16 17 18 19 20 21 22 23 24 
編號/------27-------28-------29-------30-------31-------32-------(Repeat 22~32 till end)